# Point correspondences between two images
# Format: x1 y1 x2 y2
# Total pairs: 29
348 663 378 584
441 634 463 603
715 672 647 773
777 655 723 797
349 764 304 653
401 275 613 280
532 364 697 410
290 353 486 312
396 516 504 491
599 456 721 528
403 427 549 416
442 710 403 657
313 667 353 572
666 569 707 664
408 644 433 595
606 670 557 711
523 471 638 506
445 500 553 496
396 463 527 443
424 398 579 397
438 372 603 380
407 311 601 312
488 266 699 299
168 272 425 210
649 195 917 289
702 490 816 616
253 597 364 499
597 881 371 855
696 848 470 892
