# Point correspondences between two images
# Format: x1 y1 x2 y2
# Total pairs: 30
319 504 298 544
259 585 285 640
524 726 619 691
562 801 689 744
282 524 273 574
310 561 324 602
537 673 601 639
423 636 477 640
410 662 480 666
318 605 358 640
490 271 424 273
495 411 458 408
434 408 390 419
589 466 573 438
696 471 683 417
451 449 419 456
532 295 475 288
749 352 711 300
734 406 707 352
646 249 588 223
756 301 708 252
500 683 574 660
243 557 251 617
206 771 347 834
279 828 453 860
423 144 315 159
904 294 843 223
347 442 294 476
741 645 760 562
642 530 641 484
